[WIN_MAIN]
iHZoom=0
iVZoom=-7
iVOldZoom=-7
dwVZoomedPos=0
[CDemodulatorAM]
AMFilterCoreDesc=129,0,0;2,7812,100
[CWinSpectrum]
HScrollPos=0
VScrollPos=0
HScrollZoom=0.50000000000000000000
VScrollZoom=1.00000000000000000000
FFTSize=1048576
FFTStep=262144
FFTDeep=16
[CFilttedWin_CSignalWin]
iHZoom=0
iVZoom=-4
iVOldZoom=-4
dwVZoomedPos=1956
[CFilttedWin_CFFTWin]
HScrollPos=0
VScrollPos=0
HScrollZoom=0.500000
VScrollZoom=1.000000
[CAudioWin_CSignalWin]
iHZoom=0
iVZoom=-8
iVOldZoom=-8
dwVZoomedPos=0
[CAudioWin_CFFTWin]
HScrollPos=0
VScrollPos=0
HScrollZoom=2.000000
VScrollZoom=1.000000
[CWinOneFFT]
RF=11824337
RF_STEP=0
VScrollPos=0
VScrollZoom=1.00000000000000000000
AverageFilterValue=6
[CFilter]
FilterCoreDesc=65, 0, 0; 0, 10000, 100
decimationFactorBit=0
[CFilter_Main]
FilterCoreDesc1=33, 0, 0; 0, 20000, 100
decimationFactorBit1=3
FilterCoreDesc2=33, 0, 0; 0, 5000, 10
decimationFactorBit2=3
Cuda_Filter_N=2
[CFilter_Audio]
FilterCoreDesc1=1023, 0, 0; 2, 122, 213; 2, 625, 701; 2, 1327, 595; 2, 2029, 579; 2, 2731, 579; 2, 3356, 564; 2, 4486, 274; 2, 5096, 503; 2, 10360, 7598
decimationFactorBit1=0
FilterCoreDesc2=;
decimationFactorBit2=0
Cuda_Filter_N=0
